{cpsfps_x: 0.6416861826697893, cpsfps_y: 0.2175824175824176, logo_x: 0.00936768149882904,
  logo_y: 0.016666666666666666, keystrokes_x: 0.00936768149882904, keystrokes_y: 0.25,
  armorstatus_x: 0.00936768149882904, armorstatus_y: 0.6, position_x: 0.85, position_y: 0.85,
  targethud_x: 0.5, targethud_y: 0.5}
